origin: [ 53.09001347 -27.7399435 ] at x,y = 0
d_ra = -1.8816770169191928e-05 deg/pix 
d_dec = 1.6673923337433226e-05 deg/pix
