origin: [189.38352964  62.32774415] at x,y = 0
d_ra = -3.586433402491713e-05 arcsec/pix 
d_dec = 1.669207786100259e-05 arcsec/pix
