origin: [189.29130035  62.20806619] at x,y = 0
d_ra = -3.578275145812603e-05 arcsec/pix 
d_dec = 1.6665323890171154e-05 arcsec/pix
