origin: [189.33350106  62.27592414] at x,y = 0
d_ra = -3.584156923788976e-05 arcsec/pix 
d_dec = 1.6676764685676993e-05 arcsec/pix
