origin: [189.38655535  62.23420727] at x,y = 0
d_ra = -3.5765481401922944e-05 arcsec/pix 
d_dec = 1.6696105118269945e-05 arcsec/pix
