origin: [189.23233016  62.28559695] at x,y = 0
d_ra = -3.589471923153045e-05 deg/pix 
d_dec = 1.6651023923773468e-05 deg/pix
