origin: [189.1990638   62.18557719] at x,y = 0
d_ra = -3.5798445032022754e-05 deg/pix 
d_dec = 1.6639430510977698e-05 deg/pix
