origin: [ 53.28692987 -27.7162672 ] at x,y = 0
d_ra = -1.884389480957428e-05 deg/pix 
d_dec = 1.6647626355586783e-05 deg/pix
