origin: [ 53.1714308  -27.72318886] at x,y = 0
d_ra = -1.882691964317899e-05 deg/pix 
d_dec = 1.6663785146409354e-05 deg/pix
