origin: [ 53.19273126 -27.76176305] at x,y = 0
d_ra = -1.8835372618643713e-05 deg/pix 
d_dec = 1.666128487184222e-05 deg/pix
