origin: [ 53.18881789 -27.83071494] at x,y = 0
d_ra = -1.8847632644496883e-05 deg/pix 
d_dec = 1.6661723279534506e-05 deg/pix
