origin: [ 53.14729893 -27.74811184] at x,y = 0
d_ra = -1.8826503464433005e-05 arcsec/pix 
d_dec = 1.6667827092325826e-05 arcsec/pix
